a=3
b=[3,4,5;1,2,3]
c=1:3
a*b
c*b'

